<<<<<<< HEAD
1 50 4.077404
1 100 3.0765564
1 150 3.0262127
1 200 3.0152934
1 250 3.0028036
1 300 3.0075388
1 350 2.984014
1 400 2.9722373
1 450 2.9677289
1 500 2.9502265
1 550 2.94606
1 600 2.9587283
1 650 2.9300134
1 700 2.9267642
1 750 2.9278698
1 800 2.9327955
1 850 2.915706
1 900 2.909885
1 950 2.9163544
1 1000 2.9231558
1 1050 2.916557
1 1100 2.915639
1 1150 2.9028072
1 1200 2.910755
1 1250 2.9026594
1 1300 2.9013789
1 1350 2.8982208
1 1400 2.8894172
1 1450 2.904003
1 1500 2.9033806
1 1550 2.8885672
1 1600 2.892963
1 1650 2.8784235
1 1700 2.89005
1 1750 2.8817837
1 1800 2.8940508
1 1850 2.8755448
1 1900 2.8856597
1 1950 2.8791296
1 2000 2.870309
1 2050 2.8815958
1 2100 2.8825572
1 2150 2.875247
1 2200 2.8753247
1 2250 2.8745847
1 2300 2.866455
1 2350 2.8683262
1 2400 2.8609989
1 2450 2.8738983
1 2500 2.86234
1 2550 2.8588457
1 2600 2.8661075
1 2650 2.8503182
1 2700 2.862092
1 2750 2.8544912
1 2800 2.8589
1 2850 2.862641
1 2900 2.855653
1 2950 2.851226
1 3000 2.8488805
1 3050 2.8550956
1 3100 2.855219
1 3150 2.853571
1 3200 2.8519387
1 3250 2.8477032
1 3300 2.854268
1 3350 2.836599
1 3400 2.840194
1 3450 2.8487165
1 3500 2.845689
1 3550 2.8487036
1 3600 2.8522859
1 3650 2.851409
1 3700 2.8531828
1 3750 2.8457437
1 3800 2.8568466
1 3850 2.8361838
1 3900 2.8476167
1 3950 2.8410885
1 4000 2.8499093
1 4050 2.8300447
1 4100 2.842965
1 4150 2.8460026
1 4200 2.83448
1 4250 2.842869
1 4300 2.8398185
1 4350 2.8403764
1 4400 2.8393128
1 4450 2.838317
1 4500 2.8262224
1 4550 2.8293858
1 4600 2.8323562
1 4650 2.8392286
1 4700 2.8326075
1 4750 2.8315592
1 4800 2.8393846
1 4850 2.8298075
1 4900 2.833857
1 4950 2.8331056
1 5000 2.824244
1 5050 2.8240008
1 5100 2.844369
1 5150 2.8271835
1 5200 2.8334448
1 5250 2.8275058
1 5300 2.8339725
1 5350 2.8217273
1 5400 2.8347385
1 5450 2.831629
1 5500 2.8314133
1 5550 2.8274667
1 5600 2.8204072
1 5650 2.824948
1 5700 2.8177001
1 5750 2.8276923
1 5800 2.8273077
1 5850 2.8137624
1 5900 2.8164258
1 5950 2.8264322
1 6000 2.8202229
1 6050 2.8117957
1 6100 2.8221164
1 6150 2.8157697
1 6200 2.814752
1 6250 2.8171158
1 6300 2.8200686
1 6350 2.817049
1 6400 2.820316
1 6450 2.8149357
1 6500 2.8188648
1 6550 2.8123379
1 6600 2.8130355
1 6650 2.8177767
1 6700 2.8118732
1 6750 2.8128412
1 6800 2.8114612
1 6850 2.8038142
1 6900 2.8063147
1 6950 2.8134274
1 7000 2.8107138
1 7050 2.8095307
1 7100 2.806723
1 7150 2.805599
1 7200 2.8014262
1 7250 2.8097632
1 7300 2.807176
1 7350 2.8094888
1 7400 2.8029804
1 7450 2.7997088
1 7500 2.8064237
1 7550 2.802065
1 7600 2.7970726
1 7650 2.803955
1 7700 2.7973516
1 7750 2.7969596
1 7800 2.7960346
1 7850 2.7951887
1 7900 2.803107
1 7950 2.7909894
1 8000 2.7959588
1 8050 2.7867334
1 8100 2.8065052
1 8150 2.8046231
1 8200 2.799161
1 8250 2.797722
1 8300 2.7955618
1 8350 2.7865913
1 8400 2.7977338
1 8450 2.775985
1 8500 2.7854018
1 8550 2.7815096
1 8600 2.793819
1 8650 2.7858353
1 8700 2.7923398
1 8750 2.7908175
1 8800 2.787288
1 8850 2.7931843
1 8900 2.7940416
1 8950 2.7889445
1 9000 2.7873578
1 9050 2.7882988
1 9100 2.7906814
1 9150 2.7774887
1 9200 2.7861085
1 9250 2.7854123
1 9300 2.7902448
1 9350 2.790937
1 9400 2.7900531
1 9450 2.7753837
1 9500 2.7790496
1 9550 2.7804093
1 9600 2.7729557
1 9650 2.7744207
1 9700 2.7663946
1 9750 2.7779944
1 9800 2.7807562
1 9850 2.7792292
1 9900 2.7753916
1 9950 2.77857
1 10000 2.7708166
2 50 2.7747602
2 100 2.7714615
2 150 2.7743495
2 200 2.784001
2 250 2.780494
2 300 2.7749207
2 350 2.7792938
2 400 2.764484
2 450 2.7751865
2 500 2.7667272
2 550 2.769851
2 600 2.7695265
2 650 2.7672727
2 700 2.7731075
2 750 2.7726712
2 800 2.768875
2 850 2.7641034
2 900 2.7625136
2 950 2.7719212
2 1000 2.7620058
2 1050 2.773045
2 1100 2.7576869
2 1150 2.7646143
2 1200 2.770871
2 1250 2.7636578
2 1300 2.76836
2 1350 2.7586265
2 1400 2.7680402
2 1450 2.756671
2 1500 2.7612405
2 1550 2.7609
2 1600 2.7516716
2 1650 2.7635052
2 1700 2.7586749
2 1750 2.7432816
2 1800 2.7685015
2 1850 2.7455344
2 1900 2.7707963
2 1950 2.7495773
2 2000 2.7564106
2 2050 2.7599945
2 2100 2.760315
2 2150 2.7564468
2 2200 2.7435365
2 2250 2.7410717
2 2300 2.7510593
2 2350 2.749948
2 2400 2.7480237
2 2450 2.7499387
2 2500 2.7593315
2 2550 2.7470038
2 2600 2.7558103
2 2650 2.7498977
2 2700 2.7600327
2 2750 2.75225
2 2800 2.76143
2 2850 2.7640598
2 2900 2.7483695
2 2950 2.742417
2 3000 2.7475913
2 3050 2.7558045
2 3100 2.746716
2 3150 2.7453399
2 3200 2.7488139
2 3250 2.7430222
2 3300 2.7404382
2 3350 2.7412977
2 3400 2.7465637
2 3450 2.7509696
2 3500 2.7474954
2 3550 2.7425177
2 3600 2.7511022
2 3650 2.7379725
2 3700 2.7465665
2 3750 2.739999
2 3800 2.7401636
2 3850 2.7408073
2 3900 2.7405124
2 3950 2.7249894
2 4000 2.750849
2 4050 2.7389169
2 4100 2.739644
2 4150 2.7495027
2 4200 2.7346783
2 4250 2.7306592
2 4300 2.7228415
2 4350 2.7263556
2 4400 2.7371895
2 4450 2.727674
2 4500 2.7314239
2 4550 2.7398953
2 4600 2.7288883
2 4650 2.7382264
2 4700 2.727307
2 4750 2.7350914
2 4800 2.7350845
2 4850 2.7291937
2 4900 2.723171
2 4950 2.7328107
2 5000 2.7278538
2 5050 2.7185266
2 5100 2.7456434
2 5150 2.7189648
2 5200 2.7204473
2 5250 2.723746
2 5300 2.740756
2 5350 2.7289186
2 5400 2.727589
2 5450 2.7292008
2 5500 2.7294726
2 5550 2.7187955
2 5600 2.7163339
2 5650 2.7136996
2 5700 2.7246444
2 5750 2.732421
2 5800 2.71778
2 5850 2.7197874
2 5900 2.7198243
2 5950 2.7080903
2 6000 2.7107043
2 6050 2.7209466
2 6100 2.7165203
2 6150 2.7165973
2 6200 2.7197495
2 6250 2.7206347
2 6300 2.706363
2 6350 2.712917
2 6400 2.7259207
2 6450 2.700461
2 6500 2.7124798
2 6550 2.7125986
2 6600 2.7083316
2 6650 2.725995
2 6700 2.707972
2 6750 2.7259638
2 6800 2.7174878
2 6850 2.7131736
2 6900 2.7190294
2 6950 2.715028
2 7000 2.7122355
2 7050 2.711261
2 7100 2.7096987
2 7150 2.6934836
2 7200 2.7104566
2 7250 2.719837
2 7300 2.7145429
2 7350 2.7122648
2 7400 2.7194984
2 7450 2.723038
2 7500 2.7160645
2 7550 2.6941946
2 7600 2.719609
2 7650 2.691604
2 7700 2.6990774
2 7750 2.7129965
2 7800 2.7067645
2 7850 2.7099993
2 7900 2.7079382
2 7950 2.700407
2 8000 2.7115076
2 8050 2.697569
2 8100 2.7099352
2 8150 2.709658
2 8200 2.702957
2 8250 2.7165296
2 8300 2.701412
2 8350 2.705369
2 8400 2.701964
2 8450 2.692189
2 8500 2.6967309
2 8550 2.6913638
2 8600 2.70373
2 8650 2.7037754
2 8700 2.722543
2 8750 2.706912
2 8800 2.6856067
2 8850 2.700507
2 8900 2.711323
2 8950 2.687526
2 9000 2.7099369
2 9050 2.7091272
2 9100 2.680977
2 9150 2.6987643
2 9200 2.6978412
2 9250 2.6986578
2 9300 2.6870563
2 9350 2.7016635
2 9400 2.6763525
2 9450 2.6880584
2 9500 2.6905954
2 9550 2.6797903
2 9600 2.692917
2 9650 2.6804974
2 9700 2.7027407
2 9750 2.706013
2 9800 2.6923544
2 9850 2.6960516
2 9900 2.692789
2 9950 2.694278
2 10000 2.7002375
3 50 2.683162
3 100 2.6846213
3 150 2.6798227
3 200 2.674744
3 250 2.6891756
3 300 2.6942997
3 350 2.687989
3 400 2.6860485
3 450 2.6793296
3 500 2.6864417
3 550 2.676046
3 600 2.692584
3 650 2.6887438
3 700 2.6827059
3 750 2.6771133
3 800 2.6808941
3 850 2.6895013
3 900 2.6829576
3 950 2.689801
3 1000 2.6890085
3 1050 2.6816988
3 1100 2.674539
3 1150 2.6763363
3 1200 2.69338
3 1250 2.6900623
3 1300 2.6875908
3 1350 2.6824658
3 1400 2.6878479
3 1450 2.6669166
3 1500 2.6888986
3 1550 2.6808312
3 1600 2.6829703
3 1650 2.6848853
3 1700 2.683051
3 1750 2.687525
3 1800 2.6713345
3 1850 2.675155
3 1900 2.6783862
3 1950 2.6679287
3 2000 2.6657963
3 2050 2.6796196
3 2100 2.6603317
3 2150 2.6772842
3 2200 2.670885
3 2250 2.6949484
3 2300 2.664033
3 2350 2.6780689
3 2400 2.6762562
3 2450 2.6749659
3 2500 2.6581604
3 2550 2.6670933
3 2600 2.6764965
3 2650 2.6625893
3 2700 2.670288
3 2750 2.6768472
3 2800 2.6828687
3 2850 2.6532245
3 2900 2.6639893
3 2950 2.670926
3 3000 2.6644733
3 3050 2.6646936
3 3100 2.67563
3 3150 2.6652682
3 3200 2.6683362
3 3250 2.6650689
3 3300 2.656175
3 3350 2.654252
3 3400 2.6762283
3 3450 2.6609128
3 3500 2.6710258
3 3550 2.6520317
3 3600 2.6770053
3 3650 2.6639266
3 3700 2.6789663
3 3750 2.66408
3 3800 2.660029
3 3850 2.6774368
3 3900 2.6464787
3 3950 2.6518073
3 4000 2.6466846
3 4050 2.651814
3 4100 2.6571598
3 4150 2.660297
3 4200 2.6587055
3 4250 2.6486142
3 4300 2.6604557
3 4350 2.640892
3 4400 2.6657453
3 4450 2.664933
3 4500 2.647975
3 4550 2.6747854
3 4600 2.6549683
3 4650 2.663375
3 4700 2.674632
3 4750 2.666751
3 4800 2.6471162
3 4850 2.6618829
3 4900 2.6575193
3 4950 2.6580725
3 5000 2.6613302
3 5050 2.656848
3 5100 2.6374662
3 5150 2.652189
3 5200 2.6674986
3 5250 2.659374
3 5300 2.6390264
3 5350 2.631812
3 5400 2.6633017
3 5450 2.6549869
3 5500 2.6633258
3 5550 2.645875
3 5600 2.6346433
3 5650 2.6568546
3 5700 2.6707807
3 5750 2.6529756
3 5800 2.6473484
3 5850 2.6489391
3 5900 2.6298246
3 5950 2.64356
3 6000 2.6583757
3 6050 2.6432004
3 6100 2.6458569
3 6150 2.651775
3 6200 2.645291
3 6250 2.6480782
3 6300 2.6499188
3 6350 2.6675155
3 6400 2.6324582
3 6450 2.6570678
3 6500 2.6398945
3 6550 2.653377
3 6600 2.6417785
3 6650 2.6471157
3 6700 2.645897
3 6750 2.6413527
3 6800 2.6479862
3 6850 2.6517832
3 6900 2.6356292
3 6950 2.6666906
3 7000 2.6554422
3 7050 2.6308866
3 7100 2.6516092
3 7150 2.6477861
3 7200 2.632784
3 7250 2.632671
3 7300 2.6272242
3 7350 2.646843
3 7400 2.6437254
3 7450 2.637992
3 7500 2.64427
3 7550 2.6526303
3 7600 2.6410325
3 7650 2.6372924
3 7700 2.6206236
3 7750 2.6330633
3 7800 2.6403577
3 7850 2.6310465
3 7900 2.648795
3 7950 2.6320405
3 8000 2.6418629
3 8050 2.6434817
3 8100 2.6391895
3 8150 2.6401083
3 8200 2.64938
3 8250 2.6288362
3 8300 2.6436088
3 8350 2.6323593
3 8400 2.6378684
3 8450 2.6279993
3 8500 2.61582
3 8550 2.6596122
3 8600 2.6389985
3 8650 2.6315153
3 8700 2.6345062
3 8750 2.6330936
3 8800 2.6377387
3 8850 2.6180835
3 8900 2.647331
3 8950 2.6369877
3 9000 2.6137779
3 9050 2.631948
3 9100 2.6277726
3 9150 2.616349
3 9200 2.667858
3 9250 2.6290276
3 9300 2.6384983
3 9350 2.6466858
3 9400 2.6139371
3 9450 2.6274047
3 9500 2.625578
3 9550 2.6339438
3 9600 2.6197422
3 9650 2.6075246
3 9700 2.6467993
3 9750 2.6402311
3 9800 2.6104581
3 9850 2.6277773
3 9900 2.6262362
3 9950 2.632591
3 10000 2.620054
4 50 2.613796
4 100 2.6195617
4 150 2.6296885
4 200 2.6179986
4 250 2.6341846
4 300 2.6238003
4 350 2.6220303
4 400 2.6415958
4 450 2.6370144
4 500 2.6314106
4 550 2.6297193
4 600 2.6234145
4 650 2.602401
4 700 2.6207154
4 750 2.630113
4 800 2.6341267
4 850 2.6160493
4 900 2.6191206
4 950 2.6300325
4 1000 2.6180508
4 1050 2.627839
4 1100 2.6140733
4 1150 2.6153889
4 1200 2.6230881
4 1250 2.623877
4 1300 2.622003
4 1350 2.6127863
4 1400 2.6104145
4 1450 2.6224241
4 1500 2.5972636
4 1550 2.6266418
4 1600 2.6197891
4 1650 2.6201088
4 1700 2.607782
4 1750 2.6177337
4 1800 2.608709
4 1850 2.5953672
4 1900 2.600172
4 1950 2.6118283
4 2000 2.6054928
4 2050 2.6127646
4 2100 2.6336095
4 2150 2.600398
4 2200 2.6116548
4 2250 2.5936053
4 2300 2.6157932
4 2350 2.5950255
4 2400 2.5853732
4 2450 2.6065426
4 2500 2.5895226
4 2550 2.630185
4 2600 2.6158683
4 2650 2.595596
4 2700 2.5992553
4 2750 2.6037142
4 2800 2.6152756
4 2850 2.6107612
4 2900 2.6199372
4 2950 2.5848672
4 3000 2.6190984
4 3050 2.6324956
4 3100 2.6118717
4 3150 2.6032422
4 3200 2.598625
4 3250 2.6163747
4 3300 2.5941937
4 3350 2.623326
4 3400 2.6117597
4 3450 2.616237
4 3500 2.6352694
4 3550 2.605606
4 3600 2.624057
4 3650 2.619511
4 3700 2.5877411
4 3750 2.6113214
4 3800 2.6007302
4 3850 2.6051352
4 3900 2.600867
4 3950 2.5979886
4 4000 2.6000037
4 4050 2.594772
4 4100 2.5775144
4 4150 2.5973344
4 4200 2.5964692
4 4250 2.6198382
4 4300 2.5940351
4 4350 2.5994456
4 4400 2.597618
4 4450 2.628976
4 4500 2.5977752
4 4550 2.6158717
4 4600 2.5970335
4 4650 2.6163363
4 4700 2.6121142
4 4750 2.6000628
4 4800 2.619725
4 4850 2.5889578
4 4900 2.6043503
4 4950 2.5713315
4 5000 2.608308
4 5050 2.588697
4 5100 2.600709
4 5150 2.6089282
4 5200 2.6148913
4 5250 2.59797
4 5300 2.5796053
4 5350 2.5854807
4 5400 2.6114285
4 5450 2.5984485
4 5500 2.6008258
4 5550 2.594697
4 5600 2.562647
4 5650 2.5750918
4 5700 2.5942078
4 5750 2.5926368
4 5800 2.6007519
4 5850 2.5926964
4 5900 2.5784018
4 5950 2.5828538
4 6000 2.6075873
4 6050 2.600451
4 6100 2.5930462
4 6150 2.6034997
4 6200 2.5894287
4 6250 2.5687304
4 6300 2.585934
4 6350 2.6049335
4 6400 2.5787492
4 6450 2.5922325
4 6500 2.5682883
4 6550 2.5880985
4 6600 2.594669
4 6650 2.6138403
4 6700 2.5717933
4 6750 2.574958
4 6800 2.5856066
4 6850 2.597686
4 6900 2.5951715
4 6950 2.582559
4 7000 2.616009
4 7050 2.5884213
4 7100 2.5752249
4 7150 2.5796936
4 7200 2.5912914
4 7250 2.610466
4 7300 2.570695
4 7350 2.594441
4 7400 2.6192358
4 7450 2.596975
4 7500 2.5703092
4 7550 2.5954046
4 7600 2.5759723
4 7650 2.5899231
4 7700 2.596355
4 7750 2.56626
4 7800 2.577943
4 7850 2.5904665
4 7900 2.5984907
4 7950 2.6004374
4 8000 2.5841513
4 8050 2.5726922
4 8100 2.5739427
4 8150 2.5902758
4 8200 2.5820444
4 8250 2.594594
4 8300 2.585725
4 8350 2.593501
4 8400 2.5824022
4 8450 2.586028
4 8500 2.57979
4 8550 2.5803623
4 8600 2.5894337
4 8650 2.5586388
4 8700 2.5785675
4 8750 2.5730045
4 8800 2.5899796
4 8850 2.5955634
4 8900 2.576056
4 8950 2.5598698
4 9000 2.589216
4 9050 2.5945296
4 9100 2.5794873
4 9150 2.559011
4 9200 2.5836313
4 9250 2.5764081
4 9300 2.5952911
4 9350 2.5831778
4 9400 2.5846357
4 9450 2.5820377
4 9500 2.5759573
4 9550 2.564029
4 9600 2.5674648
4 9650 2.5620074
4 9700 2.5685618
4 9750 2.5968955
4 9800 2.5482736
4 9850 2.5610192
4 9900 2.5698545
4 9950 2.5774686
4 10000 2.539491
=======
1 50 4.077404
1 100 3.0765564
1 150 3.0262127
1 200 3.0152934
1 250 3.0028036
1 300 3.0075388
1 350 2.984014
1 400 2.9722373
1 450 2.9677289
1 500 2.9502265
1 550 2.94606
1 600 2.9587283
1 650 2.9300134
1 700 2.9267642
1 750 2.9278698
1 800 2.9327955
1 850 2.915706
1 900 2.909885
1 950 2.9163544
1 1000 2.9231558
1 1050 2.916557
1 1100 2.915639
1 1150 2.9028072
1 1200 2.910755
1 1250 2.9026594
1 1300 2.9013789
1 1350 2.8982208
1 1400 2.8894172
1 1450 2.904003
1 1500 2.9033806
1 1550 2.8885672
1 1600 2.892963
1 1650 2.8784235
1 1700 2.89005
1 1750 2.8817837
1 1800 2.8940508
1 1850 2.8755448
1 1900 2.8856597
1 1950 2.8791296
1 2000 2.870309
1 2050 2.8815958
1 2100 2.8825572
1 2150 2.875247
1 2200 2.8753247
1 2250 2.8745847
1 2300 2.866455
1 2350 2.8683262
1 2400 2.8609989
1 2450 2.8738983
1 2500 2.86234
1 2550 2.8588457
1 2600 2.8661075
1 2650 2.8503182
1 2700 2.862092
1 2750 2.8544912
1 2800 2.8589
1 2850 2.862641
1 2900 2.855653
1 2950 2.851226
1 3000 2.8488805
1 3050 2.8550956
1 3100 2.855219
1 3150 2.853571
1 3200 2.8519387
1 3250 2.8477032
1 3300 2.854268
1 3350 2.836599
1 3400 2.840194
1 3450 2.8487165
1 3500 2.845689
1 3550 2.8487036
1 3600 2.8522859
1 3650 2.851409
1 3700 2.8531828
1 3750 2.8457437
1 3800 2.8568466
1 3850 2.8361838
1 3900 2.8476167
1 3950 2.8410885
1 4000 2.8499093
1 4050 2.8300447
1 4100 2.842965
1 4150 2.8460026
1 4200 2.83448
1 4250 2.842869
1 4300 2.8398185
1 4350 2.8403764
1 4400 2.8393128
1 4450 2.838317
1 4500 2.8262224
1 4550 2.8293858
1 4600 2.8323562
1 4650 2.8392286
1 4700 2.8326075
1 4750 2.8315592
1 4800 2.8393846
1 4850 2.8298075
1 4900 2.833857
1 4950 2.8331056
1 5000 2.824244
1 5050 2.8240008
1 5100 2.844369
1 5150 2.8271835
1 5200 2.8334448
1 5250 2.8275058
1 5300 2.8339725
1 5350 2.8217273
1 5400 2.8347385
1 5450 2.831629
1 5500 2.8314133
1 5550 2.8274667
1 5600 2.8204072
1 5650 2.824948
1 5700 2.8177001
1 5750 2.8276923
1 5800 2.8273077
1 5850 2.8137624
1 5900 2.8164258
1 5950 2.8264322
1 6000 2.8202229
1 6050 2.8117957
1 6100 2.8221164
1 6150 2.8157697
1 6200 2.814752
1 6250 2.8171158
1 6300 2.8200686
1 6350 2.817049
1 6400 2.820316
1 6450 2.8149357
1 6500 2.8188648
1 6550 2.8123379
1 6600 2.8130355
1 6650 2.8177767
1 6700 2.8118732
1 6750 2.8128412
1 6800 2.8114612
1 6850 2.8038142
1 6900 2.8063147
1 6950 2.8134274
1 7000 2.8107138
1 7050 2.8095307
1 7100 2.806723
1 7150 2.805599
1 7200 2.8014262
1 7250 2.8097632
1 7300 2.807176
1 7350 2.8094888
1 7400 2.8029804
1 7450 2.7997088
1 7500 2.8064237
1 7550 2.802065
1 7600 2.7970726
1 7650 2.803955
1 7700 2.7973516
1 7750 2.7969596
1 7800 2.7960346
1 7850 2.7951887
1 7900 2.803107
1 7950 2.7909894
1 8000 2.7959588
1 8050 2.7867334
1 8100 2.8065052
1 8150 2.8046231
1 8200 2.799161
1 8250 2.797722
1 8300 2.7955618
1 8350 2.7865913
1 8400 2.7977338
1 8450 2.775985
1 8500 2.7854018
1 8550 2.7815096
1 8600 2.793819
1 8650 2.7858353
1 8700 2.7923398
1 8750 2.7908175
1 8800 2.787288
1 8850 2.7931843
1 8900 2.7940416
1 8950 2.7889445
1 9000 2.7873578
1 9050 2.7882988
1 9100 2.7906814
1 9150 2.7774887
1 9200 2.7861085
1 9250 2.7854123
1 9300 2.7902448
1 9350 2.790937
1 9400 2.7900531
1 9450 2.7753837
1 9500 2.7790496
1 9550 2.7804093
1 9600 2.7729557
1 9650 2.7744207
1 9700 2.7663946
1 9750 2.7779944
1 9800 2.7807562
1 9850 2.7792292
1 9900 2.7753916
1 9950 2.77857
1 10000 2.7708166
2 50 2.7747602
2 100 2.7714615
2 150 2.7743495
2 200 2.784001
2 250 2.780494
2 300 2.7749207
2 350 2.7792938
2 400 2.764484
2 450 2.7751865
2 500 2.7667272
2 550 2.769851
2 600 2.7695265
2 650 2.7672727
2 700 2.7731075
2 750 2.7726712
2 800 2.768875
2 850 2.7641034
2 900 2.7625136
2 950 2.7719212
2 1000 2.7620058
2 1050 2.773045
2 1100 2.7576869
2 1150 2.7646143
2 1200 2.770871
2 1250 2.7636578
2 1300 2.76836
2 1350 2.7586265
2 1400 2.7680402
2 1450 2.756671
2 1500 2.7612405
2 1550 2.7609
2 1600 2.7516716
2 1650 2.7635052
2 1700 2.7586749
2 1750 2.7432816
2 1800 2.7685015
2 1850 2.7455344
2 1900 2.7707963
2 1950 2.7495773
2 2000 2.7564106
2 2050 2.7599945
2 2100 2.760315
2 2150 2.7564468
2 2200 2.7435365
2 2250 2.7410717
2 2300 2.7510593
2 2350 2.749948
2 2400 2.7480237
2 2450 2.7499387
2 2500 2.7593315
2 2550 2.7470038
2 2600 2.7558103
2 2650 2.7498977
2 2700 2.7600327
2 2750 2.75225
2 2800 2.76143
2 2850 2.7640598
2 2900 2.7483695
2 2950 2.742417
2 3000 2.7475913
2 3050 2.7558045
2 3100 2.746716
2 3150 2.7453399
2 3200 2.7488139
2 3250 2.7430222
2 3300 2.7404382
2 3350 2.7412977
2 3400 2.7465637
2 3450 2.7509696
2 3500 2.7474954
2 3550 2.7425177
2 3600 2.7511022
2 3650 2.7379725
2 3700 2.7465665
2 3750 2.739999
2 3800 2.7401636
2 3850 2.7408073
2 3900 2.7405124
2 3950 2.7249894
2 4000 2.750849
2 4050 2.7389169
2 4100 2.739644
2 4150 2.7495027
2 4200 2.7346783
2 4250 2.7306592
2 4300 2.7228415
2 4350 2.7263556
2 4400 2.7371895
2 4450 2.727674
2 4500 2.7314239
2 4550 2.7398953
2 4600 2.7288883
2 4650 2.7382264
2 4700 2.727307
2 4750 2.7350914
2 4800 2.7350845
2 4850 2.7291937
2 4900 2.723171
2 4950 2.7328107
2 5000 2.7278538
2 5050 2.7185266
2 5100 2.7456434
2 5150 2.7189648
2 5200 2.7204473
2 5250 2.723746
2 5300 2.740756
2 5350 2.7289186
2 5400 2.727589
2 5450 2.7292008
2 5500 2.7294726
2 5550 2.7187955
2 5600 2.7163339
2 5650 2.7136996
2 5700 2.7246444
2 5750 2.732421
2 5800 2.71778
2 5850 2.7197874
2 5900 2.7198243
2 5950 2.7080903
2 6000 2.7107043
2 6050 2.7209466
2 6100 2.7165203
2 6150 2.7165973
2 6200 2.7197495
2 6250 2.7206347
2 6300 2.706363
2 6350 2.712917
2 6400 2.7259207
2 6450 2.700461
2 6500 2.7124798
2 6550 2.7125986
2 6600 2.7083316
2 6650 2.725995
2 6700 2.707972
2 6750 2.7259638
2 6800 2.7174878
2 6850 2.7131736
2 6900 2.7190294
2 6950 2.715028
2 7000 2.7122355
2 7050 2.711261
2 7100 2.7096987
2 7150 2.6934836
2 7200 2.7104566
2 7250 2.719837
2 7300 2.7145429
2 7350 2.7122648
2 7400 2.7194984
2 7450 2.723038
2 7500 2.7160645
2 7550 2.6941946
2 7600 2.719609
2 7650 2.691604
2 7700 2.6990774
2 7750 2.7129965
2 7800 2.7067645
2 7850 2.7099993
2 7900 2.7079382
2 7950 2.700407
2 8000 2.7115076
2 8050 2.697569
2 8100 2.7099352
2 8150 2.709658
2 8200 2.702957
2 8250 2.7165296
2 8300 2.701412
2 8350 2.705369
2 8400 2.701964
2 8450 2.692189
2 8500 2.6967309
2 8550 2.6913638
2 8600 2.70373
2 8650 2.7037754
2 8700 2.722543
2 8750 2.706912
2 8800 2.6856067
2 8850 2.700507
2 8900 2.711323
2 8950 2.687526
2 9000 2.7099369
2 9050 2.7091272
2 9100 2.680977
2 9150 2.6987643
2 9200 2.6978412
2 9250 2.6986578
2 9300 2.6870563
2 9350 2.7016635
2 9400 2.6763525
2 9450 2.6880584
2 9500 2.6905954
2 9550 2.6797903
2 9600 2.692917
2 9650 2.6804974
2 9700 2.7027407
2 9750 2.706013
2 9800 2.6923544
2 9850 2.6960516
2 9900 2.692789
2 9950 2.694278
2 10000 2.7002375
3 50 2.683162
3 100 2.6846213
3 150 2.6798227
3 200 2.674744
3 250 2.6891756
3 300 2.6942997
3 350 2.687989
3 400 2.6860485
3 450 2.6793296
3 500 2.6864417
3 550 2.676046
3 600 2.692584
3 650 2.6887438
3 700 2.6827059
3 750 2.6771133
3 800 2.6808941
3 850 2.6895013
3 900 2.6829576
3 950 2.689801
3 1000 2.6890085
3 1050 2.6816988
3 1100 2.674539
3 1150 2.6763363
3 1200 2.69338
3 1250 2.6900623
3 1300 2.6875908
3 1350 2.6824658
3 1400 2.6878479
3 1450 2.6669166
3 1500 2.6888986
3 1550 2.6808312
3 1600 2.6829703
3 1650 2.6848853
3 1700 2.683051
3 1750 2.687525
3 1800 2.6713345
3 1850 2.675155
3 1900 2.6783862
3 1950 2.6679287
3 2000 2.6657963
3 2050 2.6796196
3 2100 2.6603317
3 2150 2.6772842
3 2200 2.670885
3 2250 2.6949484
3 2300 2.664033
3 2350 2.6780689
3 2400 2.6762562
3 2450 2.6749659
3 2500 2.6581604
3 2550 2.6670933
3 2600 2.6764965
3 2650 2.6625893
3 2700 2.670288
3 2750 2.6768472
3 2800 2.6828687
3 2850 2.6532245
3 2900 2.6639893
3 2950 2.670926
3 3000 2.6644733
3 3050 2.6646936
3 3100 2.67563
3 3150 2.6652682
3 3200 2.6683362
3 3250 2.6650689
3 3300 2.656175
3 3350 2.654252
3 3400 2.6762283
3 3450 2.6609128
3 3500 2.6710258
3 3550 2.6520317
3 3600 2.6770053
3 3650 2.6639266
3 3700 2.6789663
3 3750 2.66408
3 3800 2.660029
3 3850 2.6774368
3 3900 2.6464787
3 3950 2.6518073
3 4000 2.6466846
3 4050 2.651814
3 4100 2.6571598
3 4150 2.660297
3 4200 2.6587055
3 4250 2.6486142
3 4300 2.6604557
3 4350 2.640892
3 4400 2.6657453
3 4450 2.664933
3 4500 2.647975
3 4550 2.6747854
3 4600 2.6549683
3 4650 2.663375
3 4700 2.674632
3 4750 2.666751
3 4800 2.6471162
3 4850 2.6618829
3 4900 2.6575193
3 4950 2.6580725
3 5000 2.6613302
3 5050 2.656848
3 5100 2.6374662
3 5150 2.652189
3 5200 2.6674986
3 5250 2.659374
3 5300 2.6390264
3 5350 2.631812
3 5400 2.6633017
3 5450 2.6549869
3 5500 2.6633258
3 5550 2.645875
3 5600 2.6346433
3 5650 2.6568546
3 5700 2.6707807
3 5750 2.6529756
3 5800 2.6473484
3 5850 2.6489391
3 5900 2.6298246
3 5950 2.64356
3 6000 2.6583757
3 6050 2.6432004
3 6100 2.6458569
3 6150 2.651775
3 6200 2.645291
3 6250 2.6480782
3 6300 2.6499188
3 6350 2.6675155
3 6400 2.6324582
3 6450 2.6570678
3 6500 2.6398945
3 6550 2.653377
3 6600 2.6417785
3 6650 2.6471157
3 6700 2.645897
3 6750 2.6413527
3 6800 2.6479862
3 6850 2.6517832
3 6900 2.6356292
3 6950 2.6666906
3 7000 2.6554422
3 7050 2.6308866
3 7100 2.6516092
3 7150 2.6477861
3 7200 2.632784
3 7250 2.632671
3 7300 2.6272242
3 7350 2.646843
3 7400 2.6437254
3 7450 2.637992
3 7500 2.64427
3 7550 2.6526303
3 7600 2.6410325
3 7650 2.6372924
3 7700 2.6206236
3 7750 2.6330633
3 7800 2.6403577
3 7850 2.6310465
3 7900 2.648795
3 7950 2.6320405
3 8000 2.6418629
3 8050 2.6434817
3 8100 2.6391895
3 8150 2.6401083
3 8200 2.64938
3 8250 2.6288362
3 8300 2.6436088
3 8350 2.6323593
3 8400 2.6378684
3 8450 2.6279993
3 8500 2.61582
3 8550 2.6596122
3 8600 2.6389985
3 8650 2.6315153
3 8700 2.6345062
3 8750 2.6330936
3 8800 2.6377387
3 8850 2.6180835
3 8900 2.647331
3 8950 2.6369877
3 9000 2.6137779
3 9050 2.631948
3 9100 2.6277726
3 9150 2.616349
3 9200 2.667858
3 9250 2.6290276
3 9300 2.6384983
3 9350 2.6466858
3 9400 2.6139371
3 9450 2.6274047
3 9500 2.625578
3 9550 2.6339438
3 9600 2.6197422
3 9650 2.6075246
3 9700 2.6467993
3 9750 2.6402311
3 9800 2.6104581
3 9850 2.6277773
3 9900 2.6262362
3 9950 2.632591
3 10000 2.620054
4 50 2.613796
4 100 2.6195617
4 150 2.6296885
4 200 2.6179986
4 250 2.6341846
4 300 2.6238003
4 350 2.6220303
4 400 2.6415958
4 450 2.6370144
4 500 2.6314106
4 550 2.6297193
4 600 2.6234145
4 650 2.602401
4 700 2.6207154
4 750 2.630113
4 800 2.6341267
4 850 2.6160493
4 900 2.6191206
4 950 2.6300325
4 1000 2.6180508
4 1050 2.627839
4 1100 2.6140733
4 1150 2.6153889
4 1200 2.6230881
4 1250 2.623877
4 1300 2.622003
4 1350 2.6127863
4 1400 2.6104145
4 1450 2.6224241
4 1500 2.5972636
4 1550 2.6266418
4 1600 2.6197891
4 1650 2.6201088
4 1700 2.607782
4 1750 2.6177337
4 1800 2.608709
4 1850 2.5953672
4 1900 2.600172
4 1950 2.6118283
4 2000 2.6054928
4 2050 2.6127646
4 2100 2.6336095
4 2150 2.600398
4 2200 2.6116548
4 2250 2.5936053
4 2300 2.6157932
4 2350 2.5950255
4 2400 2.5853732
4 2450 2.6065426
4 2500 2.5895226
4 2550 2.630185
4 2600 2.6158683
4 2650 2.595596
4 2700 2.5992553
4 2750 2.6037142
4 2800 2.6152756
4 2850 2.6107612
4 2900 2.6199372
4 2950 2.5848672
4 3000 2.6190984
4 3050 2.6324956
4 3100 2.6118717
4 3150 2.6032422
4 3200 2.598625
4 3250 2.6163747
4 3300 2.5941937
4 3350 2.623326
4 3400 2.6117597
4 3450 2.616237
4 3500 2.6352694
4 3550 2.605606
4 3600 2.624057
4 3650 2.619511
4 3700 2.5877411
4 3750 2.6113214
4 3800 2.6007302
4 3850 2.6051352
4 3900 2.600867
4 3950 2.5979886
4 4000 2.6000037
4 4050 2.594772
4 4100 2.5775144
4 4150 2.5973344
4 4200 2.5964692
4 4250 2.6198382
4 4300 2.5940351
4 4350 2.5994456
4 4400 2.597618
4 4450 2.628976
4 4500 2.5977752
4 4550 2.6158717
4 4600 2.5970335
4 4650 2.6163363
4 4700 2.6121142
4 4750 2.6000628
4 4800 2.619725
4 4850 2.5889578
4 4900 2.6043503
4 4950 2.5713315
4 5000 2.608308
4 5050 2.588697
4 5100 2.600709
4 5150 2.6089282
4 5200 2.6148913
4 5250 2.59797
4 5300 2.5796053
4 5350 2.5854807
4 5400 2.6114285
4 5450 2.5984485
4 5500 2.6008258
4 5550 2.594697
4 5600 2.562647
4 5650 2.5750918
4 5700 2.5942078
4 5750 2.5926368
4 5800 2.6007519
4 5850 2.5926964
4 5900 2.5784018
4 5950 2.5828538
4 6000 2.6075873
4 6050 2.600451
4 6100 2.5930462
4 6150 2.6034997
4 6200 2.5894287
4 6250 2.5687304
4 6300 2.585934
4 6350 2.6049335
4 6400 2.5787492
4 6450 2.5922325
4 6500 2.5682883
4 6550 2.5880985
4 6600 2.594669
4 6650 2.6138403
4 6700 2.5717933
4 6750 2.574958
4 6800 2.5856066
4 6850 2.597686
4 6900 2.5951715
4 6950 2.582559
4 7000 2.616009
4 7050 2.5884213
4 7100 2.5752249
4 7150 2.5796936
4 7200 2.5912914
4 7250 2.610466
4 7300 2.570695
4 7350 2.594441
4 7400 2.6192358
4 7450 2.596975
4 7500 2.5703092
4 7550 2.5954046
4 7600 2.5759723
4 7650 2.5899231
4 7700 2.596355
4 7750 2.56626
4 7800 2.577943
4 7850 2.5904665
4 7900 2.5984907
4 7950 2.6004374
4 8000 2.5841513
4 8050 2.5726922
4 8100 2.5739427
4 8150 2.5902758
4 8200 2.5820444
4 8250 2.594594
4 8300 2.585725
4 8350 2.593501
4 8400 2.5824022
4 8450 2.586028
4 8500 2.57979
4 8550 2.5803623
4 8600 2.5894337
4 8650 2.5586388
4 8700 2.5785675
4 8750 2.5730045
4 8800 2.5899796
4 8850 2.5955634
4 8900 2.576056
4 8950 2.5598698
4 9000 2.589216
4 9050 2.5945296
4 9100 2.5794873
4 9150 2.559011
4 9200 2.5836313
4 9250 2.5764081
4 9300 2.5952911
4 9350 2.5831778
4 9400 2.5846357
4 9450 2.5820377
4 9500 2.5759573
4 9550 2.564029
4 9600 2.5674648
4 9650 2.5620074
4 9700 2.5685618
4 9750 2.5968955
4 9800 2.5482736
4 9850 2.5610192
4 9900 2.5698545
4 9950 2.5774686
4 10000 2.539491
>>>>>>> 8307f037cf5c424ccfb61ea00a2125fc38d7ceda
